0 8.000000000021878e-07
1 1.1799999999999311e-05
2 1.890000000000225e-05
3 2.9099999999997184e-05
4 4.070000000000115e-05
5 4.559999999999981e-05
6 5.400000000000196e-05
7 6.799999999999862e-05
8 7.310000000000302e-05
9 8.209999999999815e-05
10 9.10000000000008e-05
11 9.980000000000058e-05
12 0.00011130000000000168
13 0.0001365000000000012
14 0.00012670000000000042
15 0.00019500000000000073
16 0.00015290000000000095
17 0.00015369999999999967
18 0.00016189999999999954
19 0.00017560000000000145
20 0.0002384000000000032
21 0.0002021000000000002
22 0.00019850000000000076
23 0.00020900000000000085
24 0.00021669999999999676
25 0.0002248000000000007
26 0.0003022999999999984
27 0.0002488999999999998
28 0.00034210000000000143
29 0.0002659999999999989
30 0.00029910000000000006
31 0.0002817999999999987
32 0.00030759999999999815
33 0.00029679999999999984
34 0.00030699999999999825
35 0.0003160999999999997
36 0.0003259999999999999
37 0.00033380000000000215
38 0.00043259999999999826
39 0.0003595999999999981
40 0.00036890000000000187
41 0.00037709999999999827
42 0.0003925999999999999
43 0.0003943999999999996
44 0.00042220000000000105
45 0.0004139999999999977
46 0.00042660000000000267
47 0.0006762999999999977
48 0.00044149999999999745
49 0.0004531000000000014
50 0.0008208
51 0.0004713000000000009
52 0.00048020000000000007
53 0.0008470999999999999
54 0.0004975000000000049
55 0.0005044000000000021
56 0.0005185000000000051
57 0.0009153000000000008
58 0.0005366999999999941
59 0.0005505999999999983
60 0.0010218999999999992
61 0.0005613999999999966
62 0.0005693000000000017
63 0.0005818999999999963
64 0.001092600000000006
65 0.0005974000000000049
66 0.0006060999999999983
67 0.0006192999999999962
68 0.0011697999999999986
69 0.0006335000000000021
70 0.0006428000000000059
71 0.0006555999999999992
72 0.0012611000000000011
73 0.0006711999999999968
74 0.0006833000000000047
75 0.0006880000000000011
76 0.0014759000000000022
77 0.0007131999999999972
78 0.0007160000000000014
79 0.0007308999999999996
80 0.0007451999999999945
81 0.0016007999999999994
82 0.0007553000000000004
83 0.0007624999999999993
84 0.0007725999999999983
85 0.0007805999999999993
86 0.0016918000000000002
87 0.0008021
88 0.0008063000000000028
89 0.000822299999999998
90 0.0008349999999999955
91 0.0018506000000000009
92 0.0008457999999999938
93 0.0008577000000000029
94 0.000868799999999989
95 0.0008719000000000088
96 0.0020768999999999926
97 0.0008972000000000008
98 0.0009055999999999925
99 0.0009096999999999994
100 0.0009218000000000004
101 0.0009317000000000075
102 0.0022506000000000054
103 0.0009522999999999893
104 0.0009601000000000054
105 0.0009717999999999949
106 0.0009826000000000001
107 0.0009853000000000084
108 0.002474000000000004
109 0.0010064000000000045
110 0.0010164000000000006
111 0.0010350999999999971
112 0.0010352
113 0.0010468000000000005
114 0.0010521000000000003
115 0.002780500000000005
116 0.0010757999999999879
117 0.0010749000000000036
118 0.0010865000000000041
119 0.0010961000000000026
120 0.0011072000000000026
121 0.0011238000000000081
122 0.0029550999999999883
123 0.0011407999999999974
124 0.0011422000000000099
125 0.001151200000000005
126 0.0011686000000000057
127 0.0011733999999999911
128 0.0011830000000000035
129 0.003325500000000009
130 0.0012030999999999986
131 0.001203700000000002
132 0.0012167000000000011
133 0.0012252999999999986
134 0.0012363999999999986
135 0.0012556999999999985
136 0.0012570999999999971
137 0.0036377999999999966
138 0.0012781000000000181
139 0.0012839000000000045
140 0.0012906000000000029
141 0.0013004999999999822
142 0.0013060000000000016
143 0.0013183000000000222
144 0.001329799999999992
145 0.004114800000000002
146 0.0013454999999999995
147 0.0013684000000000196
148 0.0013643999999999878
149 0.001376100000000019
150 0.0013800999999999952
151 0.0013949000000000045
152 0.0014029000000000125
153 0.0014062999999999992
154 0.004523499999999986
155 0.001470100000000002
156 0.0014361000000000235
157 0.001447900000000002
158 0.001454800000000006
159 0.0014615000000000045
160 0.0014766999999999975
161 0.0014846000000000026
162 0.001493499999999981
163 0.0014997999999999956
164 0.005295700000000014
165 0.0015263000000000082
166 0.0015351000000000115
167 0.0015420000000000156
168 0.0016731000000000107
169 0.0015583000000000125
170 0.001566800000000007
171 0.001572800000000013
172 0.0015852000000000088
173 0.005569999999999992
174 0.0016084000000000098
175 0.0016137999999999986
176 0.0016216000000000008
177 0.0016308000000000156
178 0.0016400000000000026
179 0.001648700000000003
180 0.0016620999999999997
181 0.0016985999999999946
182 0.0016834999999999767
183 0.0016965999999999926
184 0.005943000000000004
185 0.0017097000000000084
186 0.0017207999999999946
187 0.001720499999999986
188 0.0017380000000000173
189 0.001746500000000012
190 0.0017532000000000103
191 0.0017589000000000077
192 0.001768700000000012
193 0.0017802000000000096
194 0.0017865999999999993
195 0.0068595999999999935
196 0.002560099999999982
197 0.0018193999999999988
198 0.0018307999999999935
199 0.001835300000000012
200 0.0018440000000000123
201 0.0018531999999999993
202 0.0018694999999999962
203 0.0018742999999999954
204 0.0018804999999999517
205 0.0018968999999999792
206 0.0019033999999999995
207 0.007454299999999969
208 0.0019158999999999704
209 0.0019335000000000324
210 0.0019399999999999973
211 0.0019484000000000168
212 0.001954200000000017
213 0.001966699999999988
214 0.0019696000000000158
215 0.001990899999999962
216 0.0019860000000000433
217 0.0019947999999999633
218 0.002007700000000001
219 0.00829350000000001
220 0.0020307999999999993
221 0.0020384999999999986
222 0.0020450999999999664
223 0.00206329999999999
224 0.0020624000000000198
225 0.0020750999999999964
226 0.002086699999999997
227 0.0021052000000000293
228 0.0021024000000000043
229 0.002112899999999973
230 0.002140299999999984
231 0.0021327999999999903
232 0.002146199999999987
233 0.00917699999999999
234 0.0021539999999999893
235 0.002163299999999979
236 0.0021823999999999733
237 0.0021824000000000288
238 0.0021936000000000178
239 0.0022011999999999587
240 0.002209300000000025
241 0.00222070000000002
242 0.002252900000000002
243 0.0022446999999999884
244 0.0022466999999999904
245 0.0022572000000000148
246 0.0022687000000000124
247 0.010085899999999981
248 0.0022831999999999852
249 0.0022898000000000085
250 0.0023036000000000167
251 0.0023131000000000124
252 0.002317500000000028
253 0.002333099999999977
254 0.002352500000000035
255 0.002353700000000014
256 0.0023574000000000095
257 0.0023735000000000284
258 0.0023811999999999722
259 0.002388200000000007
260 0.002393499999999993
261 0.0024080000000000212
262 0.011211699999999991
263 0.002419899999999975
264 0.0024507999999999752
265 0.002438999999999969
266 0.0024460000000000037
267 0.002455900000000011
268 0.002465099999999998
269 0.0024738999999999733
270 0.0024858999999999853
271 0.0025000000000000022
272 0.0025041999999999565
273 0.002512100000000017
274 0.002513899999999958
275 0.0026412999999999576
276 0.002536200000000044
277 0.002550500000000011
278 0.01242500000000002
279 0.0025814000000000115
280 0.002595299999999967
281 0.002589999999999981
282 0.0026074000000000375
283 0.002602800000000016
284 0.0026158000000000015
285 0.0026669000000000276
286 0.0026513999999999704
287 0.002642499999999992
288 0.002651500000000029
289 0.002657599999999982
290 0.0026683000000000123
291 0.0026783999999999697
292 0.0026878000000000735
293 0.002697700000000025
294 0.0027068999999999566
295 0.013954000000000022
296 0.00275000000000003
297 0.0027426000000000395
298 0.0027509000000000006
299 0.002751500000000018
300 0.002785999999999955
301 0.0027887999999999247
302 0.002785999999999955
303 0.002791500000000058
304 0.0028046999999999933
305 0.002809899999999921
306 0.002824399999999949
307 0.0028288000000000757
308 0.0028378000000000014
309 0.002845199999999992
310 0.002870499999999998
311 0.002864899999999948
312 0.0028746000000000604
313 0.015464900000000004
314 0.002891599999999994
315 0.0029001999999999084
316 0.002920400000000045
317 0.002918199999999982
318 0.002926699999999949
319 0.0029367000000000143
320 0.002954800000000035
321 0.0029557000000000055
322 0.0029664000000000357
323 0.002974699999999997
324 0.002982799999999952
325 0.00299690000000008
326 0.003005999999999953
327 0.0030111000000000443
328 0.0030206999999999873
329 0.0030453000000000285
330 0.0030855999999999106
331 0.01721420000000007
332 0.003067000000000042
333 0.0030660999999999605
334 0.0030740999999999685
335 0.0031029000000000195
336 0.0030918999999999253
337 0.003102500000000008
338 0.0031143000000000143
339 0.003120099999999959
340 0.0031613000000000335
341 0.0031398999999999733
342 0.0031847000000000403
343 0.003166700000000078
344 0.003167500000000101
345 0.0031771000000000438
346 0.0031857999999999054
347 0.0031949000000000005
348 0.003203599999999973
349 0.0032143000000000033
350 0.0032239000000000573
351 0.003249400000000069
352 0.01914920000000009
353 0.0032577999999999774
354 0.003265199999999968
355 0.0032807999999999726
356 0.0032767000000000213
357 0.0034191999999999556
358 0.0032973000000000585
359 0.0033128000000000046
360 0.0033727000000000062
361 0.0033267000000000158
362 0.003331799999999996
363 0.003345399999999943
364 0.0033511000000000513
365 0.003358499999999931
366 0.003368400000000049
367 0.003377399999999975
368 0.0033895999999999926
369 0.003399299999999994
370 0.0034027000000000918
371 0.0034162000000000914
372 0.0034402000000000044
373 0.02134350000000007
374 0.003437699999999988
375 0.0034431999999999796
376 0.0034645000000000925
377 0.0034695000000000142
378 0.003473199999999954
379 0.003502499999999964
380 0.0034992000000000356
381 0.0035073999999999383
382 0.0035169999999999924
383 0.0035281999999999814
384 0.0035357000000000305
385 0.003592400000000051
386 0.0035575999999999386
387 0.003691600000000017
388 0.0035869000000000595
389 0.0038679999999999826
390 0.0036058999999999397
391 0.003617700000000057
392 0.0036266999999999827
393 0.00363659999999999
394 0.0036399000000000292
395 0.003645400000000021
396 0.023988699999999974
397 0.003664699999999965
398 0.0036708999999999214
399 0.0036749000000000365
400 0.0036836999999999565
401 0.003894799999999976
402 0.0036980999999999264
403 0.0037196999999999925
404 0.003738500000000089
405 0.0038373000000000435
406 0.003756399999999993
407 0.0037461000000000855
408 0.0037580999999999865
409 0.0037672000000000816
410 0.003774999999999973
411 0.003785499999999997
412 0.0038226999999999567
413 0.003803800000000024
414 0.00381050000000005
415 0.0038196999999999814
416 0.003831100000000087
417 0.0038400000000000656
418 0.003852900000000048
419 0.003862800000000055
420 0.025985499999999995
421 0.003876900000000072
422 0.0039149000000000544
423 0.003906999999999883
424 0.003909999999999858
425 0.003910999999999998
426 0.003931899999999988
427 0.003936699999999904
428 0.003939099999999973
429 0.003950600000000026
430 0.003963599999999845
431 0.004013999999999962
432 0.004005500000000106
433 0.004036200000000045
434 0.004073999999999911
435 0.004026300000000038
436 0.0040389000000000674
437 0.004155599999999815
438 0.004049299999999922
439 0.004059299999999988
440 0.004107400000000094
441 0.004254100000000038
442 0.004115000000000091
443 0.004101299999999863
444 0.004165299999999927
445 0.030422400000000183
446 0.0041472000000000175
447 0.004136700000000104
448 0.00413819999999987
449 0.004138999999999893
450 0.004387299999999872
451 0.004162299999999952
452 0.004188499999999928
453 0.004204499999999944
454 0.004214700000000127
455 0.004221400000000042
456 0.0042103
457 0.004300399999999982
458 0.004288700000000034
459 0.004263700000000092
460 0.004269499999999926
461 0.004281699999999944
462 0.004328099999999946
463 0.004294499999999868
464 0.00428010000000012
465 0.00429349999999995
466 0.004335900000000059
467 0.004321800000000042
468 0.004332599999999909
469 0.00434739999999989
470 0.004375699999999982
471 0.004373300000000135
472 0.033445200000000064
473 0.00436980000000009
474 0.004378100000000051
475 0.0044023999999998065
476 0.004423900000000147
477 0.004424699999999948
478 0.004400600000000088
479 0.0044319999999999915
480 0.004447599999999996
481 0.004454599999999864
482 0.004452500000000192
483 0.004511900000000013
484 0.004495299999999869
485 0.004488400000000059
486 0.00449720000000009
487 0.004497000000000195
488 0.004505800000000004
489 0.0045104000000000255
490 0.00451580000000007
491 0.004526699999999995
492 0.004550200000000171
493 0.004562999999999873
494 0.004582300000000039
495 0.004584900000000003
496 0.00458040000000004
497 0.004614700000000083
498 0.004600400000000171
499 0.00463099999999983
500 0.004678999999999878
501 0.03702099999999997
502 0.005136699999999994
503 0.004730600000000029
504 0.0047623999999999445
505 0.0047087999999999575
506 0.004690100000000141
507 0.004724599999999857
508 0.004728599999999972
509 0.004707599999999923
510 0.00470309999999996
511 0.004809300000000016
512 0.004724499999999798
513 0.004769000000000023
514 0.004762299999999886
515 0.004764999999999908
516 0.004782200000000181
517 0.004768899999999965
518 0.004780499999999854
519 0.004793700000000012
520 0.004829100000000031
521 0.004817000000000071
522 0.004806300000000041
523 0.004835400000000156
524 0.004868899999999954
525 0.004895700000000058
526 0.004843400000000164
527 0.005085100000000065
528 0.00489409999999979
529 0.004921799999999976
530 0.0049584000000000295
531 0.04091089999999986
532 0.004970800000000164
533 0.004930300000000054
534 0.004934499999999842
535 0.004958199999999913
536 0.004936300000000005
537 0.0049480000000001745
538 0.004992600000000014
539 0.00496439999999998
540 0.005311099999999902
541 0.004994599999999849
542 0.004995000000000083
543 0.00500020000000001
544 0.005010599999999865
545 0.005019600000000013
546 0.005026100000000033
547 0.005051999999999834
548 0.005102099999999998
549 0.005071700000000012
550 0.0050792000000001725
551 0.005073799999999906
552 0.005084199999999983
553 0.005108099999999949
554 0.0051010999999998585
555 0.005112000000000005
556 0.005123300000000164
557 0.005135500000000182
558 0.005137300000000122
559 0.005157300000000031
560 0.005157000000000078
561 0.005169500000000049
562 0.005183699999999902
563 0.04561780000000004
564 0.005195199999999955
565 0.005197600000000024
566 0.005210599999999843
567 0.005213499999999982
568 0.005236599999999925
569 0.005246899999999943
570 0.005318200000000051
571 0.005275799999999942
572 0.005292399999999864
573 0.0052779000000000575
574 0.005303199999999952
575 0.0052931000000000505
576 0.005491899999999994
577 0.005321600000000037
578 0.005319900000000155
579 0.005351300000000059
580 0.005357200000000173
581 0.005376499999999895
582 0.005362199999999984
583 0.0053771000000000235
584 0.005398100000000072
585 0.005402599999999813
586 0.005438100000000112
587 0.005444900000000086
588 0.005422099999999874
589 0.005429200000000023
590 0.005438000000000276
591 0.005474400000000212
592 0.005489799999999878
593 0.005490400000000228
594 0.005476799999999837
595 0.005483199999999577
596 0.005516500000000146
597 0.049909699999999724
598 0.005560800000000032
599 0.0055570999999998705
600 0.005548099999999945
601 0.005566599999999866
602 0.005548399999999898
603 0.0055602999999999625
604 0.005609600000000103
605 0.0055858999999998105
606 0.005619900000000122
607 0.0056058999999999415
608 0.005603699999999989
609 0.005625000000000213
610 0.0056323000000002565
611 0.005653699999999873
612 0.005642299999999878
613 0.005641699999999972
614 0.005645299999999853
615 0.005707000000000129
616 0.005664900000000195
617 0.005669799999999725
618 0.005699900000000202
619 0.005705999999999989
620 0.005727300000000213
621 0.005726999999999816
622 0.00573289999999993
623 0.0057410999999998324
624 0.005760600000000338
625 0.005783000000000094
626 0.005772399999999678
627 0.0057899000000003475
628 0.005789399999999834
629 0.005821999999999772
630 0.005805199999999733
631 0.005844100000000019
632 0.00582579999999977
633 0.005853700000000295
634 0.05591860000000004
635 0.005858400000000152
636 0.005862899999999893
637 0.0059523000000001325
638 0.005885800000000163
639 0.005938599999999905
640 0.0058986999999999234
641 0.00591480000000022
642 0.005923800000000146
643 0.005934000000000328
644 0.005946900000000088
645 0.006164900000000362
646 0.005954699999999757
647 0.00597039999999982
648 0.005986500000000117
649 0.005980999999999792
650 0.005992499999999623
651 0.00600130000000032
652 0.006005299999999991
653 0.006301799999999691
654 0.006015400000000337
655 0.0060378999999999294
656 0.00657249999999987
657 0.006139200000000233
658 0.0061670000000000336
659 0.006076199999999865
660 0.006081400000000237
661 0.006092100000000045
662 0.006113599999999941
663 0.006113099999999871
664 0.006164500000000128
665 0.006192099999999812
666 0.00615280000000018
667 0.006245700000000021
668 0.006249199999999622
669 0.006198699999999668
670 0.006171699999999891
671 0.006256399999999829
672 0.06135119999999983
673 0.006234899999999932
674 0.006274499999999961
675 0.006270400000000009
676 0.0062435000000000684
677 0.006237899999999907
678 0.006270800000000243
679 0.0062475000000001835
680 0.006254200000000321
681 0.006272499999999681
682 0.006295699999999904
683 0.006292800000000209
684 0.0063059000000000864
685 0.006310400000000271
686 0.006324100000000055
687 0.0063613999999998505
688 0.006340500000000304
689 0.006348299999999973
690 0.0063645999999999425
691 0.006364899999999896
692 0.00637679999999996
693 0.0063838000000000505
694 0.006538700000000119
695 0.006409400000000343
696 0.006434499999999677
697 0.006428200000000217
698 0.006449499999999997
699 0.006441699999999884
700 0.006527700000000358
701 0.0064814000000001926
702 0.006474900000000172
703 0.006550100000000114
704 0.006552899999999973
705 0.006557600000000274
706 0.0066150000000000375
707 0.0065718000000001275
708 0.006566899999999709
709 0.006569800000000292
710 0.006572299999999753
711 0.006565400000000388
712 0.006574099999999916
713 0.07233100000000015
714 0.0066030000000001365
715 0.006677900000000125
716 0.0066709999999998715
717 0.006757799999999925
718 0.006685199999999725
719 0.0066806000000001475
720 0.00670859999999962
721 0.00668930000000012
722 0.006691299999999956
723 0.006687899999999747
724 0.00672510000000015
725 0.006715100000000085
726 0.006694299999999931
727 0.006708099999999995
728 0.00671759999999999
729 0.006731100000000101
730 0.006961200000000112
731 0.00674090000000005
732 0.006765800000000155
733 0.006758100000000322
734 0.006800499999999765
735 0.006812999999999736
736 0.006818500000000061
737 0.00680650000000016
738 0.006802299999999928
739 0.006823300000000199
740 0.00682529999999959
741 0.006851999999999858
742 0.006861699999999971
743 0.00687749999999987
744 0.006884700000000077
745 0.006907399999999786
746 0.006916199999999595
747 0.006950699999999976
748 0.006908000000000136
749 0.006961100000000275
750 0.006915599999999689
751 0.006924000000000152
752 0.006946300000000072
753 0.006941900000000167
754 0.006977099999999847
755 0.006991999999999887
756 0.07940980000000009
757 0.00700080000000014
758 0.00704600000000033
759 0.007017500000000343
760 0.0070248999999997785
761 0.007074400000000036
762 0.007025900000000362
763 0.007134100000000032
764 0.007053899999999835
765 0.0071176999999997825
766 0.0070752999999998956
767 0.007083100000000009
768 0.007095399999999863
769 0.007097200000000026
770 0.007113599999999831
771 0.007122400000000084
772 0.00713140000000001
773 0.007144200000000378
774 0.007141299999999795
775 0.007157499999999928
776 0.007168800000000086
777 0.007195799999999863
778 0.007166000000000228
779 0.007530199999999709
780 0.007193999999999701
781 0.00723319999999994
782 0.007271100000000086
783 0.007478800000000341
784 0.007270600000000016
785 0.007300199999999979
786 0.007394300000000076
787 0.007290099999999633
788 0.0072654000000000885
789 0.007307400000000186
790 0.0073574000000000694
791 0.007316900000000182
792 0.007345200000000052
793 0.007334699999999916
794 0.007387899999999892
795 0.007347100000000051
796 0.007354599999999767
797 0.007386000000000337
798 0.007395700000000005
799 0.007381399999999871
800 0.0074456999999998885
801 0.007447599999999888
802 0.08718029999999999
803 0.007479900000000317
804 0.007519799999999854
805 0.007512600000000091
806 0.007485200000000081
807 0.007513900000000184
808 0.007512699999999928
809 0.0075433000000000305
810 0.007537399999999916
811 0.007589600000000196
812 0.0075336999999997545
813 0.007578699999999827
814 0.007584999999999731
815 0.00761680000000009
816 0.007646299999999773
817 0.0076049000000000255
818 0.008318500000000117
819 0.007809599999999861
820 0.007811100000000071
821 0.007680599999999593
822 0.007696500000000217
823 0.007632000000000083
824 0.007732800000000317
825 0.0076705000000001355
826 0.0077246000000004145
827 0.0078282999999999
828 0.007874200000000275
829 0.007776400000000017
830 0.007838500000000082
831 0.007783100000000154
832 0.007760000000000211
833 0.007818299999999834
834 0.007954299999999748
835 0.007840199999999964
836 0.007912999999999837
837 0.00783540000000027
838 0.007803000000000004
839 0.007899800000000567
840 0.007847000000000826
841 0.007885099999999312
842 0.00786520000000035
843 0.007897200000000382
844 0.008004200000000239
845 0.007927399999999807
846 0.00789189999999973
847 0.007936799999999522
848 0.007892199999999683
849 0.007935999999999943
850 0.10114529999999977
851 0.007919700000000418
852 0.007939799999999941
853 0.00795149999999989
854 0.007954500000000309
855 0.00798140000000025
856 0.007974799999999505
857 0.007937599999999989
858 0.00797139999999974
859 0.007963699999999463
860 0.008032599999999945
861 0.008014399999999533
862 0.00802420000000037
863 0.008055600000000496
864 0.008046900000000079
865 0.008068399999999976
866 0.008009599999999395
867 0.008056400000000075
868 0.008040900000000129
869 0.008116099999999626
870 0.008063100000000212
871 0.00810870000000019
872 0.008068500000000256
873 0.008114299999999908
874 0.0080897000000002
875 0.008242599999999989
876 0.008109300000000097
877 0.008558600000000638
878 0.008147799999999705
879 0.0081749999999996
880 0.008137200000000178
881 0.00817520000000016
882 0.0081484000000005
883 0.008200600000000335
884 0.00823079999999976
885 0.008225099999999763
886 0.008188500000000154
887 0.008227699999999949
888 0.008209399999999256
889 0.008420799999999673
890 0.008251300000000406
891 0.008319699999999486
892 0.008320899999999298
893 0.008351499999999845
894 0.008331000000000088
895 0.008369300000000024
896 0.008364300000000213
897 0.008517700000000517
898 0.008815300000000192
899 0.008434199999999947
900 0.008417299999999628
901 0.00834699999999966
902 0.10910069999999994
903 0.0083183
904 0.0083183
905 0.00872470000000014
906 0.008385799999999222
907 0.008370399999999556
908 0.008396199999999965
909 0.008438999999999197
910 0.00843740000000004
911 0.008404300000000475
912 0.008410699999999771
913 0.008422000000000374
914 0.008447699999999614
915 0.00846619999999998
916 0.008523200000000841
917 0.008477800000000535
918 0.008552299999999846
919 0.008518700000000656
920 0.008498200000000011
921 0.008533400000000135
922 0.008562699999999701
923 0.008545100000000083
924 0.008869899999999653
925 0.008676200000000023
926 0.008695300000000294
927 0.009892300000000631
928 0.008678399999999975
929 0.008644699999999617
930 0.008652800000000127
931 0.008627899999999578
932 0.00862919999999967
933 0.008635599999999855
934 0.008891199999999877
935 0.008808300000000102
936 0.008763100000000357
937 0.008719900000000003
938 0.008780100000000068
939 0.008717199999999536
940 0.008826500000000514
941 0.008747100000000785
942 0.008766699999999794
943 0.008746700000000551
944 0.008810500000000054
945 0.009100300000000061
946 0.008854300000000315
947 0.008831599999999717
948 0.008813400000000193
949 0.00895720000000022
950 0.008899800000000013
951 0.008970299999999654
952 0.008918399999999771
953 0.008945199999999431
954 0.008877899999999883
955 0.008890199999999737
956 0.00900079999999992
957 0.12386530000000029
958 0.008841400000000554
959 0.008932999999999858
960 0.0088992999999995
961 0.008953800000000456
962 0.008912500000000101
963 0.008912099999999867
964 0.008905099999999777
965 0.008960599999999985
966 0.008923799999999815
967 0.008918000000000426
968 0.008937399999999762
969 0.00893619999999995
970 0.009037199999999856
971 0.008959299999999892
972 0.008987700000000487
973 0.008974199999999932
974 0.008996299999999735
975 0.009013900000000241
976 0.009013899999999353
977 0.009025600000000189
978 0.009043000000000134
979 0.00913110000000028
980 0.009237200000000279
981 0.009152499999999897
982 0.009090800000000065
983 0.00911620000000024
984 0.009170300000000076
985 0.009198000000000484
986 0.009146600000000227
987 0.0091587999999998
988 0.009206799999999404
989 0.009558500000000691
990 0.009200699999999173
991 0.009150299999999945
992 0.009266600000000125
993 0.009185400000000676
994 0.009207099999999357
995 0.00921050000000001
996 0.009238700000000044
997 0.00927100000000003
998 0.009242900000000276
999 0.00926620000000078
