0 5.999999999999062e-07
100 1.2699999999997436e-05
200 1.9700000000000967e-05
300 2.889999999999837e-05
400 3.780000000000103e-05
500 5.080000000000015e-05
600 5.350000000000146e-05
700 6.219999999999837e-05
800 7.040000000000171e-05
900 8.000000000000021e-05
1000 8.859999999999771e-05
1100 9.759999999999977e-05
1200 0.00010879999999999918
1300 0.00013809999999999864
1400 0.00012629999999999933
1500 0.00018589999999999926
1600 0.00014979999999999855
1700 0.00015219999999999817
1800 0.00016090000000000201
1900 0.0001688000000000002
2000 0.00017769999999999939
2100 0.00018780000000000185
2200 0.00019600000000000173
2300 0.00020599999999999785
2400 0.0002132000000000002
2500 0.000279999999999999
2600 0.0002365000000000006
2700 0.000246699999999999
2800 0.0003321999999999978
2900 0.00026309999999999875
3000 0.00036139999999999783
3100 0.00042220000000000105
3200 0.0002912000000000019
3300 0.00032929999999999765
3400 0.0003043999999999998
3500 0.0003137000000000001
3600 0.00032139999999999946
3700 0.00033050000000000093
3800 0.00034219999999999737
3900 0.0003637000000000015
4000 0.00035979999999999693
4100 0.00036850000000000077
4200 0.0003820000000000004
4300 0.0003858000000000021
4400 0.0003940999999999979
4500 0.0004030000000000006
4600 0.0004125999999999991
4700 0.00042160000000000114
4800 0.00042869999999999714
4900 0.0004381000000000003
5000 0.0007818000000000026
5100 0.00046509999999999954
5200 0.0004723999999999978
5300 0.0008281000000000018
5400 0.0004935999999999968
5500 0.0005042000000000033
5600 0.0005225000000000021
5700 0.0008883000000000016
5800 0.0005297999999999969
5900 0.0005398
6000 0.0009512999999999952
6100 0.0005556000000000033
6200 0.0005649000000000001
6300 0.0005731
6400 0.001045299999999999
6500 0.0005918999999999994
6600 0.0006007999999999986
6700 0.0006110000000000004
6800 0.0012075000000000002
6900 0.0006270000000000026
7000 0.0006412999999999974
7100 0.0006480999999999987
7200 0.0012735000000000038
7300 0.000663900000000002
7400 0.000674999999999995
7500 0.0006834000000000007
7600 0.0013839000000000004
7700 0.0007076999999999986
7800 0.0007114999999999969
7900 0.0007201000000000013
8000 0.0007269000000000025
8100 0.0014868999999999993
8200 0.0007474000000000022
8300 0.0007571999999999995
8400 0.0007641999999999996
8500 0.0007725000000000024
8600 0.0016573000000000004
8700 0.0007955000000000045
8800 0.000804199999999998
8900 0.0008105999999999947
9000 0.0008217999999999975
9100 0.0019167999999999963
9200 0.0008406999999999998
9300 0.000847500000000001
9400 0.0008605000000000002
9500 0.0008694000000000063
9600 0.0020223000000000046
9700 0.0008834999999999954
9800 0.0008925000000000044
9900 0.0009023000000000087
10000 0.0009098000000000023
10100 0.000919100000000006
10200 0.0022659000000000012
10300 0.0009417999999999926
10400 0.0009622999999999993
10500 0.0009652999999999884
10600 0.000969600000000001
10700 0.0009871999999999936
10800 0.002507200000000001
10900 0.0009914999999999924
11000 0.0010142000000000068
11100 0.0010133999999999976
11200 0.0010207999999999884
11300 0.0010306999999999955
11400 0.0010391000000000011
11500 0.0026593000000000033
11600 0.0010567999999999966
11700 0.0010677000000000048
11800 0.001076599999999997
11900 0.0010855999999999921
12000 0.0010914000000000063
12100 0.0011099999999999999
12200 0.002907099999999996
12300 0.0011223000000000066
12400 0.0011276000000000064
12500 0.001137100000000002
12600 0.0011483000000000049
12700 0.0011629999999999974
12800 0.0011676999999999937
12900 0.003213400000000005
13000 0.0011924000000000101
13100 0.0011974999999999902
13200 0.0012020000000000086
13300 0.0012112999999999985
13400 0.0012225000000000014
13500 0.0012320999999999999
13600 0.0012416999999999984
13700 0.004193200000000008
13800 0.002555600000000005
13900 0.001583199999999979
14000 0.0012707999999999886
14100 0.001284399999999991
14200 0.0012908000000000086
14300 0.001304500000000014
14400 0.0013112000000000124
14500 0.0040040000000000076
14600 0.0013355000000000172
14700 0.001342800000000005
14800 0.0013476999999999795
14900 0.0013604000000000116
15000 0.001364800000000027
15100 0.0013820999999999972
15200 0.0013939000000000035
15300 0.001404599999999978
15400 0.004482199999999992
15500 0.001417699999999994
15600 0.0014279999999999848
15700 0.001430600000000004
15800 0.0014483999999999886
15900 0.001460099999999992
16000 0.0014577999999999813
16100 0.0014682000000000028
16200 0.0014795999999999976
16300 0.0014939000000000202
16400 0.004969899999999999
16500 0.0015025000000000177
16600 0.0015159000000000145
16700 0.0015360000000000096
16800 0.001555899999999999
16900 0.001548700000000014
17000 0.0015586999999999962
17100 0.0015681999999999918
17200 0.0015791
17300 0.005362499999999992
17400 0.0015904999999999947
17500 0.0015998999999999874
17600 0.001603199999999999
17700 0.0016160000000000063
17800 0.001657600000000009
17900 0.0016353999999999813
18000 0.0016491000000000144
18100 0.0016757000000000022
18200 0.0016609999999999958
18300 0.0016735999999999973
18400 0.005971000000000004
18500 0.0018089000000000022
18600 0.0016984000000000166
18700 0.0017083999999999988
18800 0.0017123
18900 0.0017251000000000072
19000 0.0017337999999999798
19100 0.001744400000000007
19200 0.0017530999999999797
19300 0.0017654000000000003
19400 0.00177960000000002
19500 0.007097300000000001
19600 0.0017851000000000117
19700 0.0018077000000000232
19800 0.0018305999999999878
19900 0.0018374000000000168
20000 0.0018213000000000257
20100 0.0018327999999999955
20200 0.0018659999999999788
20300 0.0018552000000000013
20400 0.001861899999999972
20500 0.0018963000000000174
20600 0.0018861000000000017
20700 0.0074737000000000275
20800 0.0018973999999999935
20900 0.001902600000000032
21000 0.001915499999999959
21100 0.0019268000000000063
21200 0.0019520000000000093
21300 0.0019429000000000252
21400 0.001955200000000046
21500 0.0019620000000000193
21600 0.0019676000000000138
21700 0.0019768000000000008
21800 0.0019915999999999823
21900 0.008255700000000032
22000 0.0020051999999999848
22100 0.0020111000000000434
22200 0.002024199999999976
22300 0.00203380000000003
22400 0.002054699999999965
22500 0.002047000000000021
22600 0.002069399999999999
22700 0.0020877000000000256
22800 0.002076100000000025
22900 0.0020843999999999863
23000 0.002101699999999984
23100 0.0021143000000000134
23200 0.0021120000000000028
23300 0.009066499999999977
23400 0.002137
23500 0.0021566000000000085
23600 0.0021716999999999986
23700 0.0021566000000000085
23800 0.0021711999999999843
23900 0.002184200000000025
24000 0.0021857000000000126
24100 0.0021950000000000025
24200 0.00221070000000001
24300 0.002217799999999992
24400 0.0022228000000000248
24500 0.0022319999999999562
24600 0.0022532000000000107
24700 0.010006599999999977
24800 0.0022597999999999785
24900 0.0022679999999999922
25000 0.0022847999999999757
25100 0.002291500000000002
25200 0.002295699999999956
25300 0.0023138000000000325
25400 0.002337800000000001
25500 0.0023483000000000254
25600 0.0023531999999999997
25700 0.002373000000000014
25800 0.0023917999999999995
25900 0.0023988999999999816
26000 0.002393499999999993
26100 0.002411400000000008
26200 0.0112178
26300 0.0023987000000000314
26400 0.002407899999999963
26500 0.002413899999999969
26600 0.0024222999999999884
26700 0.0024379999999999957
26800 0.0024440000000000017
26900 0.0024609000000000436
27000 0.002469499999999958
27100 0.002475900000000031
27200 0.0024874000000000285
27300 0.00253150000000002
27400 0.0026139000000000023
27500 0.002516900000000044
27600 0.0025207999999999897
27700 0.00252730000000001
27800 0.012497400000000047
27900 0.002555799999999997
28000 0.0025572999999999846
28100 0.002583700000000022
28200 0.002577099999999999
28300 0.0026076999999999906
28400 0.00265120000000002
28500 0.002681800000000012
28600 0.0026266000000000345
28700 0.0026276000000000077
28800 0.0026304000000000327
28900 0.002644399999999991
29000 0.0026851999999999987
29100 0.0026643000000000083
29200 0.002663899999999997
29300 0.0026703999999999617
29400 0.0026830999999999383
29500 0.0139494
29600 0.002711299999999972
29700 0.0027120000000000477
29800 0.002782699999999916
29900 0.0027428999999999926
30000 0.0027436999999999045
30100 0.0027502999999999833
30200 0.0028103999999999907
30300 0.002769699999999986
30400 0.002791300000000052
30500 0.002784600000000026
30600 0.0027916999999999526
30700 0.002803799999999912
30800 0.002822800000000014
30900 0.0028662999999999883
31000 0.0030727999999999867
31100 0.0029540999999999595
31200 0.002857200000000004
31300 0.015696400000000055
31400 0.00287689999999996
31500 0.0028820999999999986
31600 0.0028928000000000287
31700 0.0029249999999999554
31800 0.002917199999999953
31900 0.00292110000000001
32000 0.002929699999999924
32100 0.002987500000000032
32200 0.0029607999999999857
32300 0.002964599999999984
32400 0.00296620000000003
32500 0.0029850000000000154
32600 0.0029764999999999375
32700 0.002985899999999986
32800 0.0030181000000000235
32900 0.003041700000000036
33000 0.003022500000000039
33100 0.017424500000000065
33200 0.003041199999999966
33300 0.0030458999999999348
33400 0.0030687000000000353
33500 0.0031143000000000143
33600 0.0030835000000000168
33700 0.0030839999999999756
33800 0.003088599999999997
33900 0.003097400000000028
34000 0.003139299999999956
34100 0.003114999999999979
34200 0.003127600000000008
34300 0.0031396999999999675
34400 0.0031394000000000144
34500 0.0031687000000000243
34600 0.0031588999999999645
34700 0.0032090000000000174
34800 0.003174499999999969
34900 0.003193200000000007
35000 0.003209399999999918
35100 0.0032111000000000223
35200 0.019161800000000007
35300 0.0032423000000000313
35400 0.0032419000000000198
35500 0.0032537999999999734
35600 0.003267599999999926
35700 0.0033191999999999666
35800 0.003275599999999934
35900 0.0032858000000000054
36000 0.0032971000000000528
36100 0.0033336000000000476
36200 0.0033151999999999626
36300 0.003320100000000048
36400 0.0033258999999999928
36500 0.003338199999999958
36600 0.0033920000000000616
36700 0.0033639999999999226
36800 0.003374199999999994
36900 0.0033749000000000695
37000 0.003414800000000051
37100 0.0034340999999999955
37200 0.0034182999999999852
37300 0.021556300000000084
37400 0.003420599999999996
37500 0.0034642000000000284
37600 0.0034442000000000084
37700 0.003454999999999986
37800 0.003456899999999985
37900 0.0034954999999999847
38000 0.003514999999999935
38100 0.0035043000000000157
38200 0.003491299999999975
38300 0.0035063999999999096
38400 0.0035794000000000104
38500 0.0035367000000000592
38600 0.003532399999999991
38700 0.003580400000000039
38800 0.0035591000000000372
38900 0.003576099999999971
39000 0.0037207999999999686
39100 0.0035962000000000494
39200 0.003584900000000002
39300 0.00360169999999993
39400 0.00425310000000001
39500 0.003920900000000005
39600 0.026273099999999938
39700 0.003641400000000017
39800 0.0036386999999999947
39900 0.0036599000000000492
40000 0.003806799999999999
40100 0.003713499999999925
40200 0.0037383999999999196
40300 0.003687899999999966
40400 0.003694000000000086
40500 0.0037301000000000695
40600 0.003707299999999969
40700 0.0037148999999999655
40800 0.0037194999999999867
40900 0.0037357000000000085
41000 0.0037842000000000153
41100 0.003750299999999984
41200 0.0037605000000000555
41300 0.0037677000000000405
41400 0.0037943999999999756
41500 0.003793399999999947
41600 0.0037973000000000035
41700 0.003803800000000024
41800 0.0038234999999999797
41900 0.0038359999999999506
42000 0.026720499999999925
42100 0.0038872000000000906
42200 0.0038499000000000727
42300 0.003863599999999856
42400 0.004223400000000099
42500 0.008378400000000008
42600 0.0065053999999999945
42700 0.003895099999999818
42800 0.0039925000000000654
42900 0.003944100000000006
43000 0.0039373000000000324
43100 0.003949600000000109
43200 0.0039574
43300 0.003970299999999982
43400 0.00400059999999991
43500 0.004030500000000048
43600 0.004021400000000064
43700 0.0040071999999999885
43800 0.004019900000000076
43900 0.00401460000000009
44000 0.004081099999999838
44100 0.0040879999999998695
44200 0.004041299999999914
44300 0.004048900000000133
44400 0.0040671999999999375
44500 0.030417099999999975
44600 0.004108199999999895
44700 0.00407690000000005
44800 0.004088399999999881
44900 0.004097600000000146
45000 0.004118899999999925
45100 0.004130600000000095
45200 0.004128899999999991
45300 0.004134099999999918
45400 0.004157399999999978
45500 0.004212600000000011
45600 0.004166299999999845
45700 0.004180300000000026
45800 0.0042040000000000965
45900 0.004193300000000066
46000 0.004205999999999932
46100 0.004256200000000154
46200 0.004237499999999894
46300 0.0042215000000001
46400 0.004241200000000056
46500 0.004280599999999968
46600 0.00429450000000009
46700 0.004261400000000082
46800 0.004270800000000019
46900 0.004274300000000064
47000 0.004300900000000052
47100 0.004296599999999984
47200 0.03375740000000005
47300 0.004338999999999871
47400 0.0045136000000001175
47500 0.004626999999999937
47600 0.004434800000000072
47700 0.004350199999999971
47800 0.004357100000000003
47900 0.0045551999999999815
48000 0.004378299999999946
48100 0.004395099999999985
48200 0.004399900000000123
48300 0.004451800000000006
48400 0.004441399999999929
48500 0.0044167999999999985
48600 0.004437000000000024
48700 0.004434200000000166
48800 0.004455000000000098
48900 0.0044519999999999005
49000 0.004522200000000032
49100 0.004472500000000101
49200 0.004497899999999833
49300 0.004529899999999865
49400 0.004545299999999974
49500 0.004510199999999909
49600 0.004538199999999826
49700 0.004565299999999883
49800 0.004571799999999904
49900 0.004549799999999937
50000 0.004571899999999962
50100 0.03671920000000006
50200 0.004594699999999952
50300 0.004615299999999989
50400 0.004614299999999849
50500 0.0046559999999999935
50600 0.004615800000000059
50700 0.004626599999999925
50800 0.004666199999999954
50900 0.004663399999999873
51000 0.0047344000000000275
51100 0.004672299999999963
51200 0.0049128000000000505
51300 0.004750699999999997
51400 0.004817199999999966
51500 0.004764200000000107
51600 0.004738700000000096
51700 0.0047359999999998514
51800 0.004726199999999903
51900 0.004809999999999981
52000 0.004784899999999981
52100 0.004751900000000031
52200 0.00534800000000013
52300 0.004844300000000024
52400 0.004790500000000142
52500 0.0048095999999999695
52600 0.005081399999999903
52700 0.004879899999999937
52800 0.004829299999999925
52900 0.0049263999999999974
53000 0.004884200000000005
53100 0.0422323
53200 0.004890700000000026
53300 0.004879899999999937
53400 0.004868700000000059
53500 0.004912100000000086
53600 0.004897299999999882
53700 0.004906799999999878
53800 0.004949300000000045
53900 0.004943600000000048
54000 0.00493560000000004
54100 0.004945000000000199
54200 0.004969200000000118
54300 0.004960899999999935
54400 0.004963700000000015
54500 0.005013900000000016
54600 0.005001599999999939
54700 0.004998300000000011
54800 0.005037799999999981
54900 0.005066600000000143
55000 0.0050178999999999085
55100 0.005040999999999851
55200 0.005062399999999911
55300 0.005048700000000128
55400 0.005061199999999877
55500 0.005089700000000086
55600 0.005135600000000018
55700 0.0050848000000001115
55800 0.005099900000000046
55900 0.005106999999999973
56000 0.0051234999999998365
56100 0.0051840000000000774
56200 0.005158400000000007
56300 0.04601079999999991
56400 0.005154999999999799
56500 0.005162799999999912
56600 0.005168799999999862
56700 0.0051792000000001615
56800 0.0051843000000000306
56900 0.005194800000000166
57000 0.00526839999999984
57100 0.0052147000000000165
57200 0.0052138999999999935
57300 0.005228800000000033
57400 0.005240499999999981
57500 0.00524340000000012
57600 0.005256399999999939
57700 0.005266199999999888
57800 0.0052738999999999425
57900 0.005288599999999866
58000 0.0053122999999999365
58100 0.0053795000000000925
58200 0.005321600000000037
58300 0.005332499999999962
58400 0.0053315000000000445
58500 0.0053642999999998775
58600 0.00535220000000014
58700 0.0053619000000000305
58800 0.005363600000000135
58900 0.0053722999999998855
59000 0.005380700000000127
59100 0.005417599999999911
59200 0.005450100000000013
59300 0.005435099999999693
59400 0.005422299999999769
59500 0.005428200000000327
59600 0.005470799999999887
59700 0.05100089999999957
59800 0.005483399999999694
59900 0.005781300000000211
60000 0.00547220000000026
60100 0.005467400000000122
60200 0.005488099999999996
60300 0.0054818999999999285
60400 0.005497699999999828
60500 0.005524700000000049
60600 0.005809700000000362
60700 0.005623799999999957
60800 0.005562600000000195
60900 0.005620500000000028
61000 0.005582499999999602
61100 0.005664100000000172
61200 0.005705799999999872
61300 0.005611700000000219
61400 0.005614500000000078
61500 0.005615300000000101
61600 0.0056386999999999965
61700 0.005663600000000102
61800 0.005659599999999987
61900 0.005698099999999595
62000 0.005837399999999882
62100 0.0057091000000002445
62200 0.005748999999999782
62300 0.005728699999999698
62400 0.0057243000000002375
62500 0.005795599999999901
62600 0.005850500000000203
62700 0.005799899999999969
62800 0.005843299999999996
62900 0.005762400000000056
63000 0.005799499999999735
63100 0.005873799999999818
63200 0.005795399999999784
63300 0.005829799999999885
63400 0.05875819999999976
63500 0.0058021999999997576
63600 0.005947700000000111
63700 0.005870799999999843
63800 0.005842400000000136
63900 0.005974699999999888
64000 0.00587749999999998
64100 0.005883400000000094
64200 0.005941299999999927
64300 0.006003600000000109
64400 0.006189
64500 0.007172800000000201
64600 0.006295300000000115
64700 0.006162499999999849
64800 0.006678500000000032
64900 0.009705099999999689
65000 0.0071662000000003445
65100 0.007187500000000124
65200 0.006807899999999645
65300 0.0064494000000001606
65400 0.006460300000000085
65500 0.006202800000000064
65600 0.006107100000000365
65700 0.006443599999999883
65800 0.006253899999999923
65900 0.006203499999999806
66000 0.00676980000000027
66100 0.006092299999999717
66200 0.006272399999999845
66300 0.006161300000000036
66400 0.006158200000000225
66500 0.006814099999999712
66600 0.00613140000000012
66700 0.006837200000000099
66800 0.006123600000000007
66900 0.006152999999999853
67000 0.006151499999999643
67100 0.006321500000000313
67200 0.06481040000000027
67300 0.006179599999999841
67400 0.006186599999999931
67500 0.006179399999999724
67600 0.006190600000000046
67700 0.006218799999999636
67800 0.006186800000000048
67900 0.006220900000000196
68000 0.006206500000000226
68100 0.006245500000000348
68200 0.006275699999999773
68300 0.0062469999999996695
68400 0.006281999999999677
68500 0.006360799999999944
68600 0.006280100000000122
68700 0.006503299999999879
68800 0.0063329999999997
68900 0.006316200000000105
69000 0.006347299999999834
69100 0.0064077999999998525
69200 0.00642089999999973
69300 0.006375199999999914
69400 0.006361599999999967
69500 0.00639220000000007
69600 0.006361800000000084
69700 0.0066142000000000145
69800 0.0063813999999999815
69900 0.00639320000000021
70000 0.006576299999999868
70100 0.006424299999999938
70200 0.006883700000000381
70300 0.006498099999999951
70400 0.0066531000000003004
70500 0.006839199999999934
70600 0.0067029999999999035
70700 0.006813100000000016
70800 0.006545699999999766
70900 0.006512800000000318
71000 0.006493199999999977
71100 0.006490599999999791
71200 0.006626400000000032
71300 0.07209000000000021
71400 0.006543999999999883
71500 0.0065349999999999575
71600 0.006532900000000286
71700 0.006553600000000159
71800 0.006638500000000214
71900 0.0065781999999998675
72000 0.00658200000000031
72100 0.0066021999999996694
72200 0.006583200000000122
72300 0.006604100000000113
72400 0.006607199999999924
72500 0.006969000000000225
72600 0.006690700000000049
72700 0.0066989999999997885
72800 0.006712300000000226
72900 0.006658000000000275
73000 0.006710399999999783
73100 0.0066741999999999635
73200 0.0067254000000001035
73300 0.00670320000000002
73400 0.006745800000000024
73500 0.006788499999999864
73600 0.006716299999999897
73700 0.006741900000000189
73800 0.006738099999999747
73900 0.006768200000000224
74000 0.006757099999999738
74100 0.006774000000000058
74200 0.006795600000000235
74300 0.006798700000000046
74400 0.006807699999999972
74500 0.006853199999999671
74600 0.0068774000000000335
74700 0.0069406000000000745
74800 0.006872299999999942
74900 0.006889499999999771
75000 0.00692819999999994
75100 0.006955199999999717
75200 0.00695049999999986
75300 0.006904000000000021
75400 0.006921999999999873
75500 0.006922100000000153
75600 0.08206859999999994
75700 0.007217599999999713
75800 0.0069808999999998456
75900 0.007018299999999922
76000 0.007053799999999999
76100 0.007015400000000227
76200 0.007114300000000018
76300 0.007228700000000199
76400 0.007014800000000321
76500 0.007092400000000332
76600 0.007135400000000125
76700 0.0071688999999999226
76800 0.007248399999999933
76900 0.00711499999999976
77000 0.007229199999999825
77100 0.007098899999999908
77200 0.007122000000000295
77300 0.007076499999999708
77400 0.007097799999999932
77500 0.007140099999999983
77600 0.007138600000000217
77700 0.007159099999999974
77800 0.007581099999999896
77900 0.007257399999999858
78000 0.0072950000000000514
78100 0.0072696999999997125
78200 0.007310300000000325
78300 0.007274600000000131
78400 0.0073536999999999075
78500 0.007417100000000065
78600 0.007331399999999988
78700 0.0073462000000001915
78800 0.0073920999999996795
78900 0.0073472999999997235
79000 0.007626199999999805
79100 0.00743500000000008
79200 0.007560600000000139
79300 0.007569099999999995
79400 0.007527899999999921
79500 0.007557199999999931
79600 0.00839930000000022
79700 0.007531600000000083
79800 0.007627400000000062
79900 0.007718300000000067
80000 0.007538999999999962
80100 0.007777100000000203
80200 0.0875657000000003
80300 0.007462599999999764
80400 0.007990100000000222
80500 0.007490299999999728
80600 0.007474500000000273
80700 0.00747870000000006
80800 0.007513799999999904
80900 0.007494900000000193
81000 0.007495800000000052
81100 0.007525999999999922
81200 0.007506900000000094
81300 0.007609100000000257
81400 0.007512600000000091
81500 0.007542599999999844
81600 0.007600800000000074
81700 0.007573299999999783
81800 0.007574700000000156
81900 0.007580299999999873
82000 0.007628700000000155
82100 0.007616499999999693
82200 0.007831500000000435
82300 0.0076240999999996895
82400 0.007659699999999603
82500 0.007656200000000002
82600 0.007672400000000135
82700 0.00767479999999976
82800 0.007873500000000089
82900 0.007724699999999807
83000 0.007722199999999901
83100 0.0077248999999999235
83200 0.007719999999999949
83300 0.0077521000000002616
83400 0.0077544999999998865
83500 0.008228199999999575
83600 0.007805100000000564
83700 0.0077528999999998405
83800 0.007764400000000116
83900 0.0077977000000002405
84000 0.007785399999999498
84100 0.007798500000000708
84200 0.007808700000000002
84300 0.010492600000000074
84400 0.00788800000000034
84500 0.007847599999999844
84600 0.007845699999999844
84700 0.00791580000000014
84800 0.007881099999999641
84900 0.007928399999999947
85000 0.09884290000000018
85100 0.007888099999999731
85200 0.007913199999999954
85300 0.007895999999999681
85400 0.007909100000000002
85500 0.007914599999999439
85600 0.007967000000000724
85700 0.008001900000000006
85800 0.007958399999999699
85900 0.00797139999999974
86000 0.007971799999999973
86100 0.008083099999999455
86200 0.008000800000000474
86300 0.008014700000000374
86400 0.008017299999999672
86500 0.008035200000000131
86600 0.008022900000000277
86700 0.008058600000000027
86800 0.008053300000000263
86900 0.008054600000000356
87000 0.008266900000000632
87100 0.008061999999999792
87200 0.008076100000000253
87300 0.008108299999999957
87400 0.008083000000000062
87500 0.008105300000000426
87600 0.008168500000000023
87700 0.008135100000000506
87800 0.008164100000000118
87900 0.008176599999999645
88000 0.008208400000000005
88100 0.008218599999999299
88200 0.008283199999999269
88300 0.00828439999999997
88400 0.008248299999999986
88500 0.008279799999999504
88600 0.008225099999999763
88700 0.008244200000000035
88800 0.008341600000000504
88900 0.008233099999999993
89000 0.008261400000000307
89100 0.00833520000000032
89200 0.008275099999999647
89300 0.008342400000000083
89400 0.00833320000000004
89500 0.008378600000000347
89600 0.008297699999999963
89700 0.00837800000000044
89800 0.008320100000000608
89900 0.008469700000000024
90000 0.008377299999999366
90100 0.00861150000000066
90200 0.10907269999999958
90300 0.0083637999999997
90400 0.008786399999999972
90500 0.0084534000000005
90600 0.008385399999999876
90700 0.008425800000000372
90800 0.00831919999999986
90900 0.008331800000000555
91000 0.008318599999999954
91100 0.00834599999999952
91200 0.00837079999999979
91300 0.008806299999999823
91400 0.008450100000000127
91500 0.00882100000000019
91600 0.008522099999999533
91700 0.009014600000000428
91800 0.008394500000000527
91900 0.008414400000000377
92000 0.008389099999999594
92100 0.008433300000000088
92200 0.0084086000000001
92300 0.008439899999999945
92400 0.008426699999999343
92500 0.008480999999999739
92600 0.008541099999999524
92700 0.008596200000000387
92800 0.008555799999999891
92900 0.008570500000000258
93000 0.008503499999999775
93100 0.008493299999999593
93200 0.008519999999999861
93300 0.008542000000000272
93400 0.008527499999999577
93500 0.008535100000000462
93600 0.008541199999999805
93700 0.008689500000000017
93800 0.008585500000000579
93900 0.008725300000000047
94000 0.008675399999999556
94100 0.00865009999999966
94200 0.008689400000000624
94300 0.012307000000000734
94400 0.013258699999999735
94500 0.009268800000000077
94600 0.008661499999999656
94700 0.008843200000000273
94800 0.008673299999999884
94900 0.008711400000000147
95000 0.0086959000000002
95100 0.009359700000000082
95200 0.008689099999999783
95300 0.008715900000000332
95400 0.008811499999999306
95500 0.008749100000000176
95600 0.008746099999999757
95700 0.1283985999999997
95800 0.01118880000000022
95900 0.009302499999999547
96000 0.008862999999999843
96100 0.00881420000000066
96200 0.00888449999999974
96300 0.008849700000000738
96400 0.008867100000000683
96500 0.008922899999999956
96600 0.008889800000000392
96700 0.008919900000000425
96800 0.008894999999999875
96900 0.008858100000000313
97000 0.008928100000000327
97100 0.00889649999999964
97200 0.008922800000000564
97300 0.008905300000000338
97400 0.008956799999999987
97500 0.008940500000000462
97600 0.009010299999999916
97700 0.008971500000000354
97800 0.008989299999999645
97900 0.008994399999999736
98000 0.009016400000000147
98100 0.008990100000000112
98200 0.00906760000000073
98300 0.009026000000000423
98400 0.009048400000000179
98500 0.009175799999999512
98600 0.00903649999999967
98700 0.009965900000000083
98800 0.009046300000000507
98900 0.009213699999999214
99000 0.009063200000000826
99100 0.009198000000000484
99200 0.00906429999999947
99300 0.00912209999999991
99400 0.009103699999999826
99500 0.00919559999999997
99600 0.009123800000000237
99700 0.009085200000000349
99800 0.009332299999999627
99900 0.009137199999999623
