1 0.004596649999999999 0.031364949999999996 0.02272034 0.0008152599999999733
2 0.0030275199999999945 0.03245364999999999 0.02285225000000004 0.0015127599999999798
3 0.0018268299999999904 0.03286484000000003 0.02263892999999999 0.002165499999999998
4 0.0017234599999999879 0.03329523000000005 0.02261723 0.0028207099999999043
5 0.0015341700000000903 0.03500606999999998 0.022836739999999977 0.003207359999999948
6 0.001421019999999995 0.03507827000000008 0.022610580000000047 0.0038676599999999174
7 0.0013913399999999853 0.035262190000000124 0.022767370000000307 0.004759710000000084
8 0.0013587499999999863 0.03653323999999998 0.022625380000000028 0.005411520000000181
9 0.0012444400000001465 0.036543800000000015 0.023196809999999866 0.005907889999999938
10 0.0013596999999999858 0.03771291000000012 0.022687989999999925 0.0063458099999998295
11 0.001259160000000037 0.037610360000000134 0.022685880000000137 0.006575849999999939
12 0.0012817600000000872 0.03808755000000019 0.022739060000000144 0.0071277900000000114
13 0.0012040900000000576 0.03908074999999993 0.023025970000000305 0.007817440000000175
14 0.0011888299999998964 0.038798200000000095 0.02265989000000044 0.008417579999999703
15 0.0011268499999994575 0.040940630000000235 0.02260033000000039 0.008774069999999768
16 0.0011279499999998777 0.03980300000000003 0.02262700000000013 0.009470569999999867
17 0.0011040300000001225 0.041149380000000055 0.022707089999999576 0.010425359999999806
18 0.0011134099999999592 0.04129253999999989 0.022709099999999795 0.010099489999999812
19 0.0011177500000002284 0.041311950000000056 0.022587390000000162 0.010213999999999857
20 0.0011302699999999888 0.04208792999999975 0.022582799999999813 0.011018929999999826
21 0.0010962299999999203 0.04275496000000008 0.022719900000000237 0.011491029999999824
22 0.0010724100000002678 0.0424748499999998 0.023215319999999907 0.01165825999999992
23 0.0010474900000000177 0.04310492000000003 0.023848210000001303 0.012192800000000403
24 0.0010580999999991291 0.04276738999999985 0.02269655999999891 0.012592469999999523
25 0.0010806100000003483 0.04359994000000071 0.02313579000000061 0.013273240000000186
26 0.0010522800000007492 0.04429827999999958 0.022776249999999366 0.01323803999999953
27 0.0010405399999996235 0.04468183000000003 0.022612660000000416 0.013617460000000036
28 0.0010743200000000285 0.04492806000000016 0.02275990999999884 0.013724280000000278
29 0.0010605999999995675 0.0465284000000004 0.022898950000000085 0.014996020000000243
30 0.0010290599999997596 0.046044680000000324 0.0227693900000002 0.01453325999999997
31 0.0010308199999997214 0.04634412000000019 0.022730270000000274 0.014775239999999102
32 0.00103837000000091 0.04630844999999937 0.02403120000000065 0.01484663000000026
33 0.0010801500000003016 0.04608257999999985 0.022778719999999454 0.015393420000000546
34 0.0010702500000004278 0.04653661999999983 0.022672199999999875 0.01562981000000043
35 0.0010739999999991312 0.04685852000000033 0.022593750000000412 0.0156699899999996
36 0.0010260200000004715 0.05629655999999983 0.022555850000000176 0.015870710000000086
37 0.0009892499999999416 0.047580749999999485 0.02274693999999968 0.016548660000000125
38 0.0010398400000006802 0.0472201400000003 0.02286833000000037 0.016631379999999397
39 0.0009992399999998014 0.04781300000000037 0.02268234999999983 0.016680900000000064
40 0.0009838200000000796 0.0480769899999995 0.022701030000001055 0.01691297000000134
41 0.0009971699999994144 0.04786199999999994 0.022682999999997833 0.017086809999998565
42 0.0010727700000003892 0.048695890000001185 0.023855249999999727 0.01764717999999803
43 0.0010137899999996592 0.04879127000000096 0.022610960000001512 0.01767380000000074
44 0.0009790100000003576 0.04863391999999891 0.022632719999998586 0.017989419999998545
45 0.0010593599999992875 0.04878888999999802 0.022672740000000146 0.01781059000000056
46 0.0009907499999997071 0.04890577999999905 0.02266386999999881 0.018918269999999637
47 0.000987440000001527 0.04916450000000054 0.022600999999999517 0.01826373999999973
48 0.0010097699999988663 0.04954684 0.023096680000001868 0.018591589999999058
49 0.0009926900000003513 0.049817800000001 0.022701930000000203 0.018879739999999857
50 0.0009877599999995822 0.050190199999997985 0.02326408999999998 0.019216480000000046
51 0.0010095199999987869 0.051104349999998536 0.02288573000000014 0.0189225399999998
52 0.000970249999999595 0.05002228000000031 0.022616869999999522 0.019656910000001204
53 0.000992370000000875 0.05073603000000091 0.022644710000000144 0.01904087000000061
54 0.0009948400000006075 0.050632139999999735 0.02270177999999845 0.019260909999999853
55 0.000999219999999923 0.05104997999999909 0.022643830000001232 0.02005403999999942
56 0.0009822000000006882 0.04999054000000029 0.022620090000001626 0.019899890000000652
57 0.0009662199999986854 0.05125120000000223 0.02258812999999904 0.019960279999999386
58 0.0009775599999997553 0.0513080400000014 0.022738109999998812 0.02024391999999935
59 0.000981299999998697 0.05156569999999903 0.02262974 0.02029334999999932
60 0.0009622199999988368 0.05234380999999999 0.02268227000000067 0.02028222999999798
61 0.0009855500000007567 0.05130326999999966 0.022639850000000905 0.0209054799999997
62 0.0009550699999984147 0.05135144000000054 0.022631109999999666 0.02076564999999846
63 0.0009657299999986435 0.05170759000000089 0.022750380000000802 0.020970439999998546
64 0.0009813499999992814 0.051818810000001034 0.02259467000000015 0.02081443000000007
65 0.0009522899999993229 0.0519767200000004 0.0229863299999991 0.021202789999999538
66 0.0009751600000008409 0.05176510999999948 0.022699450000000353 0.021576369999999657
67 0.0009813900000018804 0.052778890000001154 0.022941389999999017 0.021327999999999746
68 0.0009670599999999751 0.05407405000000125 0.022982200000000574 0.021959640000001456
69 0.0009536799999992241 0.052602619999998976 0.022622840000000366 0.02192123999999964
70 0.000992269999998996 0.052167860000000135 0.022577209999999327 0.021517620000000192
71 0.0010039800000001264 0.05266548999999898 0.02269262000000083 0.02200363999999837
72 0.0009842399999996586 0.05298087000000038 0.022583029999999126 0.02202832999999913
73 0.0009683000000009657 0.05317178999999896 0.02269121999999868 0.022206339999998194
74 0.001000860000000614 0.05245408999999768 0.02285509000000161 0.02205523999999883
75 0.0009505399999980568 0.053010149999998646 0.022665739999999344 0.022451719999999398
76 0.00096486999999712 0.0529826700000001 0.022679010000000232 0.02257333000000017
77 0.000987300000001312 0.053308750000002195 0.022828830000000265 0.02279442999999759
78 0.0009475300000019616 0.053529980000003266 0.02268013999999994 0.022392689999998085
79 0.0009517400000021326 0.053880619999996784 0.023064799999998796 0.023049390000001325
80 0.0009968400000005318 0.053898959999999364 0.023006079999998975 0.02263681999999818
81 0.0009548100000017712 0.054113940000002005 0.022790979999999194 0.0224969399999992
82 0.0009613499999986175 0.05416940000000068 0.02272752999999881 0.022561980000000405
83 0.0009701199999980759 0.05373320000000348 0.02267255000000006 0.023014249999999948
84 0.0009453200000010042 0.05395851000000107 0.022655310000000383 0.02281086000000272
85 0.0009499299999973232 0.053663570000003345 0.02267664000000451 0.023108730000001288
86 0.0009614099999978975 0.0539900099999997 0.022617509999999185 0.023140699999999015
87 0.0009955299999987234 0.053772399999996875 0.022637760000000638 0.023542199999997137
88 0.0009645599999998922 0.053782800000001886 0.022684309999999642 0.02319353000000035
89 0.0009678800000003207 0.054230280000000165 0.022607819999998925 0.0234508500000004
90 0.0009658700000017006 0.05369133000000233 0.02271963000000312 0.02374132000000344
91 0.000963960000001407 0.05439873999999918 0.022750089999995282 0.02357795000000067
92 0.0009732300000038663 0.054475360000002124 0.022741269999998794 0.023545090000001778
93 0.0009523299999997902 0.054789780000001544 0.022742050000002224 0.023504310000001284
94 0.0009546799999981204 0.054105970000000524 0.022832490000000406 0.023652540000001922
95 0.0009895299999968187 0.05437105000000173 0.022804079999998804 0.02420159000000126
96 0.0009853500000033932 0.05532446999999792 0.022742069999999615 0.023945219999998813
97 0.0009571699999995076 0.05530159999999569 0.0227065799999977 0.024215360000000886
98 0.000947999999998217 0.05473982000000319 0.022702160000000048 0.0240386199999989
99 0.0009845399999974802 0.05457375999999954 0.022671849999998984 0.023828029999999955
